443186
50604
437972
352880
432769
218761
432889
444390
445963
442181
432077
426843
436348
448279
435575
432191
440083
438684
437226
104404
197284
440105
63504
439674
437571
351367
420881
431873
461118
434324
441119
355371
434215
434178
244232
466532
432438
454294
461139
433762
123945
446817
443435
442878
421896
471368
441941
450856
448025
241074
438961
212299
204061
467226
98252
435006
439460
69312
447543
462780
456105
223389
361672
465198
432463
438222
351006
212511
214060
437049
194765
438616
441236
446038
433470
438972
251585
363634
470423
352007
257178
443010
366332
309260
434519
443385
436371
123368
436561
207766
439593
432843
437829
358495
468860
222882
438299
444433
460956
434872
442605
349848
437467
228823
435840
106669
436956
364921
352995
433280
45000
432631
464017
437586
450135
108504
433894
447715
467804
437431
433610
464098
433188
433953
431896
444829
434847
197228
355894
440981
454961
454028
413928
440382
432223
256883
364880
436839
460785
436756
452762
360287
198171
438803
434014
444409
451910
436635
452272
363195
433049
355229
426328
97944
459872
251432
439489
434034
258959
445029
465376
436125
433731
441178
74571
365420
439642
440310
436910
440021
441020
432027
433665
255997
431929
449933
433216
359910
249907
434798
436898
355231
110368
368068
435185
447483
349549
445262
440867
450918
465211
94873
260263
441494
438254
438980
441481
451116
435634
432628
433165
436624
368295
439179
458866
434224
447129
432703
452369
439552
455644
443680
433432
435850
436373
432153
214071
453191
437764
423293
443918
