64530
49673
207159
66865
109030
451959
449868
68884
259157
62204
124329
439027
65056
194277
433191
119433
417393
210898
54328
53810
244073
446964
63173
104255
227763
68649
46720
452969
225486
251667
212830
44495
434683
215678
230246
100039
102467
456430
102859
362523
62926
199701
56428
59788
124882
108359
457319
438199
55855
416502
62719
455108
461009
455513
365482
99989
106538
109073
463730
230005
103787
215671
373005
57141
66962
197732
432479
440832
123916
68584
449877
353222
459158
433816
195735
247414
449653
449655
207337
120821
63125
226352
45086
450858
439435
97762
99665
437158
59294
103805
369768
217786
215797
204493
450674
224479
424886
94977
98337
51150
232846
57610
69477
230373
256465
461169
359014
256083
217797
219932
228712
435873
49514
428161
232480
101380
219526
95980
458661
200755
203844
66203
361051
236643
204146
227111
201552
78746
431202
468687
235358
359313
211495
195272
422936
53652
197659
209279
417689
435908
440270
122095
100277
353375
465037
431902
453185
434784
236544
103749
48827
107901
260452
457657
72273
198311
464150
360946
102055
232618
245212
463325
251686
112194
415931
365041
462701
96786
214001
447378
247461
206827
434720
239846
110611
450916
438790
453845
123118
233158
422007
228548
455406
450807
107224
105169
461213
198886
114068
196229
456798
52931
353305
207782
208668
63613
203912
452602
468795
454161
123714
451895
455171
225391
98381
354605
454816
194308
119766
237396
202044
109418
200730
431865
97718
462855
209641
437745
111477
122167
468238
453006
201303
461965
62452
71714
356381
423965
213581
77738
440146
427101
110237
114675
455075
463212
207885
214106
418599
61830
100016
440130
210460
104573
437817
237418
463699
195923
450816
471473
351819
457099
120111
462358
67061
102542
435363
99886
95245
110835
236639
445987
233566
194555
245983
216420
103032
116528
422129
225276
98205
463437
435269
463686
