351077
446643
61745
223278
457781
222215
58720
433471
117708
201822
436239
244323
231170
362577
420028
100710
454502
123268
259461
355533
62761
48539
434325
463064
422478
225233
433254
78826
443369
234133
449424
436840
49364
420746
426056
200700
100158
430018
435377
445032
77411
441563
422016
434059
64238
99923
104884
350646
351316
426599
354741
360098
356951
57193
47430
215362
48059
48961
372934
309232
356209
113632
433800
202026
68285
426015
64104
352743
416800
219663
433371
59791
364206
212580
470963
78153
203711
200695
466878
434492
76102
235754
420248
225501
101939
62528
433874
432012
198939
249152
433656
207693
54868
441392
233271
452396
354736
235900
455268
242945
48864
47982
70516
417285
459983
257434
196543
68664
358841
358547
458695
203804
356503
357487
99890
217412
218075
373149
205421
74181
50082
103709
95110
308169
196861
96899
455525
462793
45633
211376
437374
101014
42521
415505
118523
96331
252526
449063
228970
61649
255808
226414
208880
364889
436219
103884
442325
237445
96880
430497
239659
448002
214474
103666
431908
105936
433367
199036
215657
113631
223712
233314
96194
105753
237879
461060
414497
440918
313483
231703
216187
441547
70813
213954
67182
453372
424731
456140
448167
249675
427548
64955
194900
112070
456722
463658
109999
254913
217122
216305
123955
433312
222366
205828
437003
433672
200599
217317
239455
423761
450766
246199
227754
417313
115039
430738
207028
217075
208344
454897
61179
470677
356827
244659
438398
435848
199076
461298
65821
58732
219695
443903
210350
259413
464103
99943
354606
453114
95226
77494
446151
368609
59686
254785
448290
201268
437005
451764
206989
98059
413744
467500
211273
437725
434886
216640
432288
230399
56881
437107
439872
312087
470141
433761
55659
95144
235093
366927
206169
432871
466352
107321
468751
101092
462402
243518
418134
102468
456646
451662
464451
425780
453776
447922
432806
99767
447795
462882
213096
450238
450556
60889
198810
240177
453445
217074
358570
447975
217716
456063
105723
465353
222597
46103
463067
196886
356452
462466
435655
438402
212824
452973
420527
42597
451880
439486
217836
413949
438874
448597
456563
220440
208289
67066
