122124
436711
441551
59121
228473
63946
374077
214103
439656
101568
52759
216165
447612
99559
439366
106321
217059
113093
368897
226079
224914
210707
194939
203247
114063
435118
118515
416107
447797
440223
113747
447343
196213
449218
230198
103373
252370
204314
447961
311470
469008
259188
467139
432999
209008
112845
466738
233236
438302
437886
97678
439589
433134
434478
200707
213459
253125
250132
62345
463389
433750
110716
200399
209744
440948
102000
446857
467830
461108
438681
453156
435073
196600
59092
230633
212872
226105
449633
204351
103645
73835
95427
100143
365889
464288
464376
436338
200488
101970
99088
253875
350284
448150
466130
470628
463173
350735
453966
452340
450070
436611
254526
455097
108063
210275
453936
362629
358531
440838
435939
437568
112622
311211
226312
238310
456181
443568
230368
199720
109979
228287
242759
108042
467905
68295
466328
432925
421810
252100
452800
210641
448452
448073
73180
440500
469508
96790
194577
452380
236915
435400
442028
196113
464613
450724
124731
217694
55825
198564
201759
356590
362808
61012
438488
215871
203117
203931
441589
103846
455431
436367
358038
199638
202057
422320
452555
205378
357070
438121
433536
224916
432923
463079
422058
229503
224575
209437
428301
464210
228389
455953
451334
