414244
365818
207485
73141
230287
442978
434388
231902
353329
58761
53692
78073
373330
69316
422227
432861
363726
460442
443247
435175
444262
78187
437492
434249
45288
122965
353175
441522
420398
437579
359352
434548
254679
439615
452712
372001
65090
426762
466422
437597
58065
259847
351455
434786
438537
69646
359359
433276
197941
203661
225887
366223
253074
238570
64404
95429
440227
436896
365614
451847
243344
435731
105409
103629
436762
53075
422967
122302
353880
103819
50390
194392
440676
438194
438543
434991
197639
201557
194182
442074
439289
365883
434327
434792
463751
124778
104368
229081
435391
438547
441886
76689
353414
416249
368204
99931
65222
358244
359968
455331
242318
465022
433504
364950
439583
439270
437605
254625
358163
351937
433327
466544
437825
203769
252099
464651
462359
460551
201455
447485
221497
109520
438133
354052
98041
452934
420867
448497
465310
204549
455358
431876
112955
471377
363892
446549
456439
460939
461238
104702
437026
448447
451230
471303
464866
463245
215516
253146
438554
444225
427008
450770
434878
463051
434929
110294
350197
433801
415062
450965
118820
466058
438500
373011
202614
357995
466586
206853
250452
436621
460580
249786
452377
466966
363369
466591
243622
227920
105776
317016
365561
221578
434154
437711
453477
57004
310645
463266
122064
199897
225639
369512
366548
437926
451596
360281
