57235
432385
75517
438414
216523
433058
418142
354280
422391
443529
429577
424447
61989
257614
440649
455468
432486
60285
54629
432299
438393
417676
437405
439538
433142
436409
438170
435466
199545
70030
204056
415031
44977
438587
435222
461699
446936
462385
422150
415280
237243
355949
436335
72316
63678
461003
446310
437063
216809
436386
462433
437557
436550
465346
364076
67058
103368
417113
437015
465318
66080
432785
227825
316803
453869
421173
415495
77930
427895
109298
432789
100046
437959
436305
446406
436903
77213
260678
433847
57648
46255
455950
218313
198006
425759
122012
75661
211477
71654
76734
471661
357200
231940
98675
249205
52888
419966
253931
250739
350774
308697
123375
47771
458081
458783
107385
444211
432184
434266
432900
463726
434586
349345
414778
113987
352299
451891
239968
468829
443238
435128
434513
204045
420857
440953
439421
366908
68485
45605
121193
439701
427377
454560
213701
358636
442952
110366
95543
220968
69888
201614
455543
444395
464972
461970
362550
466230
423073
427769
373551
200040
196346
468689
470318
435246
455747
227656
432259
63832
421924
447738
