444084
351454
453996
58819
415043
435630
98222
359119
455947
219274
250334
45332
415290
208014
100475
200710
211053
45753
48407
465281
462047
258693
59586
443584
68526
223662
452686
452783
230268
434760
447093
442514
66371
205433
448008
62320
211950
448007
451547
66002
221985
436771
195457
459815
434384
112080
104686
471604
68516
107972
352966
372941
443358
437251
254009
215700
451469
209880
201504
209094
215858
206556
229439
196740
106241
125159
232013
449194
203694
456343
460150
204884
230316
118676
356778
233772
230090
217382
353583
100546
351234
465151
456684
221175
462647
438955
450270
251280
231420
464274
210358
209766
231869
453455
359283
452781
244711
229395
245887
447376
451975
118006
111170
355256
119727
213104
109294
437483
441739
453330
231989
253488
436463
198574
58635
432717
194189
194364
111673
453259
259035
454338
202474
437219
452690
434923
257634
112289
211844
442241
218042
432929
245442
108360
232391
210137
310504
214475
196464
463681
436528
69653
237285
221581
102818
103292
437625
465494
439266
252959
68730
114260
444965
