198173
221716
69773
451704
194396
193771
65422
67398
218228
426384
450720
50103
351041
457332
460564
308356
234145
251286
366397
100548
229870
194603
451667
456723
310116
110744
99338
201621
423627
77426
200155
359239
448382
48497
311681
365588
71897
48132
198201
462674
366929
256837
64409
417671
233789
364204
198908
64279
206643
461962
436569
469783
64970
223385
247417
112129
249897
67763
358111
53528
436825
213651
436340
107102
64239
97877
206438
424104
220102
72143
252619
77886
198602
100598
110254
120387
439403
250082
434648
99796
221227
224067
116665
241150
198673
252894
107728
57500
208089
108933
251736
361817
74380
452937
452985
213735
442946
219128
124704
48876
111592
466304
462391
72380
49531
212513
213142
243966
222508
197293
63804
244291
75419
95950
100742
349856
471561
109564
196439
437196
230196
314641
100056
110396
350923
308411
452657
201752
228272
98793
460067
423609
105612
231261
113714
222780
210495
225493
217142
355993
250560
244268
252956
238136
99983
61665
196557
204564
98097
96009
223468
216700
355136
237274
360232
351411
96871
106729
206208
197433
101940
235264
51431
452715
211444
447494
101352
433474
109832
211059
450290
109441
114153
112952
422145
247066
100633
235882
215528
100529
453825
212500
425512
426799
115308
448946
448185
223261
106166
51701
455046
231096
51239
235636
211456
52776
98648
208750
423445
313051
110249
458697
113427
220045
217235
308811
115332
214236
465146
434382
