353157
46715
124945
451245
70385
448690
254750
59448
255449
72492
60566
208114
432584
62208
194122
209761
311445
351249
460880
461587
453729
113551
311819
461963
417071
432006
435406
463419
56545
357768
99210
56897
364346
50261
55432
434150
220681
45607
194264
56023
61124
218558
415729
208287
65618
246758
358643
356833
437052
438292
441532
122500
448062
204791
454940
470128
351232
57918
201514
352396
363386
194646
463555
111834
197404
310327
110986
228163
195497
432924
42116
353359
434455
53510
218345
355902
202674
55011
198717
352700
61612
61926
99002
417816
124218
440267
57472
432126
431656
226132
197297
121299
370611
212142
102900
351167
202849
200288
121304
361889
199568
244470
218354
196313
199740
208188
229435
196819
67602
70748
67124
102487
465301
363731
46489
65628
444122
365759
439707
99957
425817
448904
368199
59431
251572
447919
432068
208127
350414
371510
212438
259895
248421
48844
210006
76705
439740
362919
218005
58422
452788
202613
367025
460577
359108
447051
211052
99259
107018
205459
228997
315150
465288
462635
225959
201611
209397
120383
456568
231968
221560
99955
114573
226348
57867
218831
216609
250381
204488
450046
449171
447991
471402
104448
367105
213481
466923
102363
350772
465033
215680
125202
196567
204471
205951
436846
109596
199571
65616
209864
107259
122263
79115
107852
228000
219819
449680
99915
462878
119778
434118
210303
455439
225411
228102
218076
421941
465782
441554
460654
460981
219061
434721
441710
349862
44463
207840
461524
197288
418961
235247
222982
230872
112613
462864
104632
62301
434762
435374
414354
104089
236637
229068
205689
95276
197490
242180
97599
423968
462171
465455
432986
456840
360846
198405
